Tpcm: 0.34429
tot: 0.34429
