Tpcm: 0.35879
tot: 0.35879
