Tpcm: 0.34281
tot: 0.34281
