Tpcm: 0.34812
tot: 0.34812
