Tpcm: 0.36040
tot: 0.36040
