Tpcm: 0.34674
tot: 0.34674
