Tpcm: 0.34799
tot: 0.34799
