Tpcm: 0.34558
tot: 0.34558
